chr	segment	pos	end	CN	state	zygosity	segment_depth	A	B
22	1330	0	16849126	9	8	HET	117.109232074336	5	3
22	1331	16849126	16862171	3.5	6	HET	71.7880528699815	2	1.5
22	1332	16862171	16874688	6	8	HET	93.5321486970371	1	3
22	1333	16874688	17053320	7	8	HET	104.223588392295	3.5	3.5
22	1334	17053320	17082070	5	8	HET	83.4571996784615	2	2
22	1335	17082070	17130998	6	8	HET	91.2462685095232	5	2
22	1336	17130998	17198401	5	8	HET	84.3835313453359	5	1
22	1337	17198401	17347028	4	6	HET	77.5407740371415	1	1
22	1338	17347028	17393135	7	8	HET	100.555134312316	3.5	3.5
22	1339	17393135	17402084	5	8	HET	80.8025949738924	3	2
22	1340	17402084	17516939	4	6	HET	79.0470936318709	3	3
22	1341	17516939	17910207	3.5	6	HET	71.4463114721567	4	0.5
22	1342	17910207	17951477	3	4	HET	69.0469182502808	1.5	1.5
22	1343	17951477	18546587	3.5	6	HET	72.8907189814992	1.5	1.5
22	1344	18546587	18641658	4	6	HET	75.1374919199081	1	2
22	1345	18641658	18877391	8	8	HET	104.938058260797	3	4
22	1346	18877391	18906063	4	6	HET	79.1699886632483	3	1
22	1347	18906063	22434053	3.5	6	HET	72.1992926602955	2.5	1
22	1348	22434053	22611108	4	6	HET	75.6014119142286	3	2
22	1349	22611108	22663379	7	8	HET	99.122693893514	5	3
22	1350	22663379	24994096	3.5	6	HET	73.360681430557	2.5	3
22	1351	24994096	25060826	6	8	HET	95.614075661159	3	0
22	1352	25060826	32368417	3.5	6	HET	73.5550543321029	2.5	0
22	1353	32368417	35734648	4	6	HET	75.4926482465411	3	0
22	1354	35734648	35767700	3.5	6	HET	72.8643479872514	2	1.5
22	1355	35767700	35782989	3	4	HET	69.9656531092716	3	3
22	1356	35782989	35799084	2	2	HET	63.7711900055959	1.5	1.5
22	1357	35799084	35838333	4	6	HET	75.6136213902515	3	5
22	1358	35838333	38765967	3.5	6	HET	72.1602912144769	2	2.5
22	1359	38765967	38791420	5	8	HET	87.4073272143826	2.5	5
22	1360	38791420	51193109	3.5	6	HET	71.9541097015445	2	1
22	1361	51193109	51218024	6	8	HET	91.839862162056	3	2
